86,86,86,86,86,86,86,86,86,86,86,86,86,86,86,86,86,86,86,86,86,86,86,86,86,86,86,86,86,86,86/119,86
86,86/118,86,86,86,86,86,86,86,86,86,86,86,86,86,86,86/119,86,86/118,86,86,86,86,86,86,86,86,86,86,86,86,86
86,86,86,86,86,86,86,86,86,86,86,86,86,86,86,86,86,86,86,86,86,86,86,86,86,86,86,86,86,86,86/118,86
86/119,86,86,86,86,86,86,86,86/7,86/34,86/34/29,86/34/160,86/29/161,86/34/29,86/34,86/29/154,86/34,86/29,86/34,86/29,86/34,86/29/154,86/8,86,86,86,86,86,86,86,86/119,86
86,86,86,86,86,86,86,86/119,86/19,86/58/154,86/58,86/49/170,86/58/171,86/58,86/58/120,58/121,86/58/122,86/49,86/58,86/58,59,86/58/155,86/9,86,86,86,86,86,86,86,86,86
86,86,86,86,86,86,86,86,86/24,86/58,86/58,86/58,86/58,86/59,86/49/130,86/58/126,86/49/132,86/59,86/49/154,86/58/160,86/49/161,86/59,86/9,86,86,86,86,86,86,86,86,86
86,86,86,86,86,86,86,86,86/24,86/49,86/49/154,86/49,86/58,86/58,86/58/140,86/58/141,86/49/142,86/58,86/49,86/58/170,86/49/171,59,86/9,86,86,86,86,86,86,86,86,86
86,86,86,86,86,86/118,86/119,86,86/24/19,86/49,86/58,86/59,86/58,86/58/155,86/58/154,86/59,86/58,86/58,86/58,86/59/58/155,86/58,86/58,86/25,86,86,86,86,86/119,86,86,86,86
86,86,86,86,86,86/119,86,86,86/24,86/49,86/58,86/58,86/49,86/59,86/49,86/49,86/58,86/58,86/49,86/49,86/58,59,86/9,86,86,86,86,86,86,86,86,86
86,86,86,86,86,86,86,86,86/24/160,86/59/161,86/58,86/58,86/49/155,86/49,86/49,86/58,86/59,86/58,86/58,86/58,86/59,86/49,86/9,86,86,86,86,86,86,86,86,86
86,86,86,86,86,86,86,86,86/19/170,86/58/171,86/58,86/58,86/58,86/59,86/58,86/49,86/58/155,86/49,86/59,86/49/154,86/59/160,86/58/161,86/25,86,86,86,86,86,86,86/119,86,86
86,86,86,86,86,86,86,86,86/19,86/26/164,86/59/154,86/58,86/58/154,86/49,86/58,86/49/154,86/58,86/58,86/58,86/49,86/59/170,86/49/171,86/9,86,86,86,86,86,86,86,86,86
86,86,86,86,86,86,86,86,86/17,86/35,86/39,86/39,86/39,86/35,86/39,86/35,86/39,86/39,86/39,86/39,86/35,86/39,86/18,86,86,86,86,86,86,86,86,86
86,86,86,86,86,86,86,86,86,86,86/118,86,86,86,86,86,86,86,86,86,86,86,86,86,86,86,86,86,86,86,86,86
86,86,86,86,86,86,86,86,86,86,86,86,86,86/119,86,86,86,86,86,86,86,86,86,86,86,86,86,86,86,86,86,86
86,86,86,86,86/118,86,86/119,86,86,86,86,86,86,86,86,86,86,86,86,86,86,86,86,86,86/118/118,86,86/119,86,86,86,86,86
86,86,86,86,86,86,86,86,86,86,86,86,86,86,86,86,86,86,86,86,86,86,86,86,86,86,86,86,86,86,86,86
86,86,86,86,86,86,86,86,86,86,86,86,86,86,86,86,86,86,86,86,86,86,86,86,86,86,86,86,86,86,86,86
